Alice
Dan
Lena
Kevin
Emma
Frank
Claire
Gill
Ian
Jenny
Mark
Ben
Helen
Noah
0 16 2 43 0 0 0 0 0 0 0 0 0 0
16 0 0 0 0 0 0 0 0 0 0 85 47 0
2 0 0 67 0 0 28 78 0 0 0 0 0 0
43 0 67 0 47 3 0 0 0 0 0 0 0 0
0 0 0 47 0 0 78 0 0 0 0 73 0 97
0 0 0 3 0 0 69 0 0 43 0 0 0 0
0 0 28 0 78 69 0 0 74 0 65 0 0 33
0 0 78 0 0 0 0 0 0 0 0 92 0 0
0 0 0 0 0 0 74 0 0 0 0 0 0 0
0 0 0 0 0 43 0 0 0 0 0 0 0 0
0 0 0 0 0 0 65 0 0 0 0 0 0 0
0 85 0 0 73 0 0 92 0 0 0 0 0 0
0 47 0 0 0 0 0 0 0 0 0 0 0 0
0 0 0 0 97 0 33 0 0 0 0 0 0 0
